1000 84.4005872706 38.6760944264 6.21901072731 0.625034095445 98.8838125668 69.2325705752 84.515472061
2000 54.6621915961 30.9792496124 5.56590061108 0.559394059011 70.2427097533 39.1599426609 54.3052945584
3000 38.6513147535 27.6580406654 5.2590912395 0.52855855696 50.3776587403 27.0757507156 39.4185562089
4000 27.9969068976 60.662869077 7.78863717713 0.782787489235 47.1571574071 9.75488750216 27.6625548926
5000 20.8709459013 71.2795923467 8.44272422543 0.848525711036 37.2125248832 4.58496250072 21.1100285025
6000 17.4174683895 70.8984459314 8.42012149149 0.846254050802 33.8974931925 0.0 17.2951713681
7000 14.7799709039 97.2067826353 9.85935001079 0.990901959472 31.9107900151 0.0 13.0194943141
8000 13.1465292592 81.9631069317 9.05334783004 0.909895692388 29.6542378683 0.0 13.2749086642
9000 13.3723900958 107.836121566 10.3844172473 1.0436732023 31.2294196882 0.0 12.8457627206
10000 10.9546066395 90.1339722627 9.49389131298 0.954171978351 30.9584200182 0.0 9.11628541268
11000 9.01283882928 94.0402864963 9.69743710969 0.974629100633 30.856851208 0.0 5.1071595604
12000 8.98043948996 104.601684623 10.2274964983 1.02790207363 30.9046043395 0.0 3.58496250072
13000 8.11184659742 89.4837385333 9.45958447995 0.950724011899 29.6709166095 0.0 1.79248125036
14000 7.18944988044 76.3328092085 8.73686495309 0.878087966467 27.638727505 0.0 2.29248125036
15000 7.80657493683 79.9663422773 8.94239018816 0.89874402979 28.8836296941 0.0 3.37744375108
16000 5.28702102984 56.5788582026 7.52189192974 0.755978583168 24.3815682982 0.0 0.0
17000 7.06684662361 78.6507831347 8.8685276757 0.891320567976 28.6284496008 0.0 1.0
18000 6.98399700715 80.1359803956 8.95187021776 0.899696808614 28.5673797736 0.0 1.79248125036
19000 6.24532248546 64.4035035648 8.02517934783 0.80656087188 27.0487033785 0.0 1.29248125036
20000 4.70264703097 43.1362406444 6.56781856056 0.660090601712 27.3261476009 0.0 1.0
21000 5.30580659613 61.4045490015 7.83610547412 0.787558232585 26.4575415738 0.0 0.0
22000 4.66560752015 58.1392835746 7.62491203717 0.766332493538 26.1455162139 0.0 0.0
23000 2.98957476151 32.2136891795 5.67571045592 0.570430363666 24.3284777142 0.0 0.0
24000 4.58423596099 59.1307314839 7.68965093382 0.772838997463 25.5270602948 0.0 0.0
25000 3.43187932113 40.9525363637 6.39941687685 0.643165595684 21.9251451179 0.0 0.0
26000 3.02267841364 32.2984301677 5.68317078466 0.571180154916 24.1563300108 0.0 0.0
27000 2.92655248002 35.8928120171 5.9910610093 0.602124286787 24.4561939641 0.0 0.0
28000 2.28137624077 21.4383778961 4.63015959726 0.465348548593 20.1928129232 0.0 0.0
29000 2.10029680976 28.209453997 5.31125728966 0.533801442268 25.2606702738 0.0 0.0
30000 2.61142108573 33.4215503419 5.78113746091 0.581026176343 24.2987349591 0.0 0.0
31000 2.66541574707 27.0285392818 5.19889789107 0.52250889782 19.936637939 0.0 0.0
32000 1.97042036152 21.3945066254 4.62541961614 0.464872162566 19.7580930581 0.0 0.0
33000 2.66483709089 32.96833752 5.74180612003 0.577073227852 21.9357679078 0.0 0.0
34000 2.76625396168 33.6899320838 5.80430289387 0.583354389956 23.4804046543 0.0 0.0
35000 1.32454308093 14.7020155209 3.83432073788 0.38536373374 24.1449352165 0.0 0.0
36000 2.47148071814 26.9068600936 5.18718228845 0.521331435453 25.5184954041 0.0 0.0
37000 2.33203140561 24.693425901 4.96924802169 0.49942821752 19.1866462513 0.0 0.0
38000 1.46454084559 14.2299989783 3.77226708734 0.379127107204 21.4819964646 0.0 0.0
39000 1.33773713149 16.7608155467 4.09399750204 0.411462230512 20.4862065332 0.0 0.0
40000 1.44859785818 12.1287349624 3.48263333734 0.350017820071 16.3866708596 0.0 0.0
41000 1.59652189914 17.3521486091 4.16559102758 0.418657650563 18.4466956307 0.0 0.0
42000 0.832953385999 8.17668054882 2.85948956089 0.287389514103 14.6211361133 0.0 0.0
43000 0.942329679076 8.06857058007 2.8405229413 0.285483297112 16.7523806466 0.0 0.0
44000 2.16585359022 21.6059559815 4.64822073287 0.467163761021 17.4532384766 0.0 0.0
45000 1.03783911388 9.61454223083 3.10073253133 0.311635344899 13.7448338375 0.0 0.0
46000 0.938472617388 7.01254413684 2.648120869 0.266146161272 18.6331087549 0.0 0.0
47000 0.869512858681 8.84561768625 2.9741583156 0.298914157575 20.8137459687 0.0 0.0
48000 0.890107250913 10.0396907057 3.16854709696 0.318450965188 17.0028150156 0.0 0.0
49000 1.27203157478 14.1774192148 3.76529138512 0.378426022751 21.8774324293 0.0 0.0
50000 0.59271961719 4.82453294617 2.19648194761 0.220754741788 14.2042654561 0.0 0.0
51000 0.463939455234 4.32860378652 2.08052968893 0.209101101314 18.9020924271 0.0 0.0
52000 0.990073740578 9.22463378196 3.0372082217 0.305250911563 19.7190679011 0.0 0.0
53000 0.614073990595 4.09242417612 2.02297409181 0.203316546155 12.094737505 0.0 0.0
54000 0.772016113113 6.66529163922 2.58172261082 0.259472885238 15.3436021377 0.0 0.0
55000 0.776526281077 6.71433911221 2.59120418188 0.260425818985 18.4087277805 0.0 0.0
56000 1.00329604946 8.17005618988 2.85833101475 0.287273075835 14.2882172345 0.0 0.0
57000 0.762414598467 6.74940084646 2.59796090164 0.261104894872 14.9927613509 0.0 0.0
58000 0.966054243729 6.35778432345 2.52146471787 0.25341673913 14.3398500029 0.0 0.0
59000 0.165849625007 0.639314213186 0.79957126836 0.0803599360696 5.0 0.0 0.0
60000 0.896693874317 7.42143347631 2.72423080452 0.273795497604 13.7142455177 0.0 0.0
61000 0.603776517161 2.87714354155 1.69621447392 0.170475968908 7.71424551767 0.0 0.0
62000 0.567281877667 3.05327981301 1.74736367509 0.175616657047 13.4817994317 0.0 0.0
63000 0.742395878853 5.50913676178 2.34715503574 0.235897956919 16.2422809503 0.0 0.0
64000 0.355280267089 1.64015569154 1.28068563338 0.128713749101 9.29920801839 0.0 0.0
65000 0.723522575053 5.33890326728 2.31060668814 0.232224709777 14.0 0.0 0.0
66000 0.22206098614 0.911672807553 0.954815588243 0.0959625772784 7.12928301694 0.0 0.0
67000 0.388089830227 2.05194295906 1.43246045637 0.143967692751 9.49185309633 0.0 0.0
68000 0.858102588599 7.92308969678 2.81479834034 0.282897877437 16.0991834101 0.0 0.0
69000 0.499423821481 4.26265372886 2.06461951189 0.207502068357 14.0927571409 0.0 0.0
70000 0.388678767118 2.58935225793 1.60914643769 0.161725302017 11.2992080184 0.0 0.0
71000 0.270540955206 1.04941915663 1.02441161485 0.102957241131 6.32192809489 0.0 0.0
72000 0.409085186963 2.43989941663 1.5620177389 0.15698868957 11.7548875022 0.0 0.0
73000 0.208137811912 0.920381025993 0.959364907631 0.0964198010802 7.32192809489 0.0 0.0
74000 0.373645279766 1.94619182995 1.3950597944 0.140208784792 7.64385618977 0.0 0.0
75000 0.125849625007 0.270982183187 0.520559490536 0.0523181973081 4.0 0.0 0.0
76000 0.04 0.0984 0.313687742827 0.0315268043725 3.0 0.0 0.0
77000 0.455492406353 3.46391626894 1.86115992568 0.187053610555 11.2407913322 0.0 0.0
78000 0.373342034397 3.5628305697 1.88754617684 0.189705528577 16.2573878427 0.0 0.0
79000 0.674220458355 3.84447326789 1.9607328395 0.197061064932 12.4367115421 0.0 0.0
80000 0.268841705191 1.39753374522 1.18217331438 0.118812888514 8.12928301694 0.0 0.0
81000 0.168137811912 0.433402179531 0.658332878969 0.0661649438392 4.0 0.0 0.0
82000 0.103398500029 0.358531367985 0.598774889241 0.0601791406515 5.16992500144 0.0 0.0
83000 0.223398500029 0.671014977993 0.819155039045 0.08232817908 5.16992500144 0.0 0.0
84000 0.136617780978 0.617148642807 0.785588087236 0.078954573489 6.90689059561 0.0 0.0
85000 0.161699250014 0.520892475176 0.721728809995 0.0725364746407 4.58496250072 0.0 0.0
86000 0.115849625007 0.203399175687 0.450997977476 0.0453270021968 2.58496250072 0.0 0.0
87000 0.0516992500144 0.0675693101218 0.259940974303 0.026125050891 1.58496250072 0.0 0.0
88000 0.189248125036 0.508528826251 0.713112071312 0.0716704598186 4.16992500144 0.0 0.0
89000 0.115849625007 0.275098425701 0.524498260914 0.0527140586256 3.58496250072 0.0 0.0
90000 0.331536311941 1.56604404687 1.2514168158 0.125772122253 7.90689059561 0.0 0.0
91000 0.04 0.0584 0.241660919472 0.024287836254 2.0 0.0 0.0
92000 0.165622424242 0.629476632576 0.793395634331 0.0797392614964 5.16992500144 0.0 0.0
93000 0.0816992500144 0.17696585515 0.420673097725 0.0422792371076 3.58496250072 0.0 0.0
94000 0.199248125036 0.547800241205 0.740135285745 0.0743863950582 4.58496250072 0.0 0.0
95000 0.192467405985 0.768178225631 0.876457771733 0.0880873204069 5.90689059561 0.0 0.0
96000 0.176617780978 0.580485150574 0.761895760963 0.0765734051054 4.16992500144 0.0 0.0
97000 0.0258496250072 0.0344528581739 0.1856148113 0.0186549904429 1.58496250072 0.0 0.0
98000 0.149837061927 0.690147923693 0.83075142112 0.0834936593306 6.49185309633 0.0 0.0
99000 0.0704439411936 0.179835383676 0.424070022138 0.0426206408567 3.45943161864 0.0 0.0
