1000 120.20072916 14.1747885763 3.76494204156 0.378390912403 127.255124765 105.724878448 120.445101781
2000 112.190914738 31.1215980387 5.57867350171 0.56067778282 123.198037382 97.0158195931 112.439692472
3000 104.491959247 102.402483311 10.1194112137 1.01703909379 121.330062384 67.6392013043 105.592880393
4000 99.8454957279 85.8902283802 9.26769811659 0.931438706758 119.809490869 64.4095826699 99.983143615
5000 93.9601506779 79.9406893437 8.94095572876 0.898599861196 112.137506259 59.4293325058 92.720830683
6000 89.607007653 44.2481629771 6.65192926729 0.668544045806 108.901873003 54.3889674535 88.3483685477
7000 86.4909673075 55.2881271274 7.43559863948 0.747305781176 108.487317923 65.2232385798 85.903266113
8000 83.3254684098 44.2991225508 6.6557586007 0.668928908294 102.989795343 58.069810075 83.090856602
9000 82.0210768936 51.2548090722 7.15924640393 0.719531336471 105.710126159 53.2901268342 81.5580161626
10000 79.3988757755 34.8195776286 5.90081160762 0.593053880637 89.2042796344 41.3846715648 79.8171159677
11000 76.0549015614 49.6205717319 7.04418708808 0.707967440128 94.432409227 48.3529095533 77.4962628174
12000 75.3587027338 41.886524821 6.47197997687 0.650458461636 88.5449302611 44.8791335533 76.3488880015
13000 72.0417486411 55.7551716927 7.46693857566 0.750455563276 82.705863965 45.5259142687 73.8786078801
14000 71.0231280849 31.1827765595 5.58415405943 0.561228599596 79.3340084243 45.35010102 72.2177705051
15000 69.9321189473 37.9270184489 6.15849157253 0.618951691535 79.2257775464 45.406841361 70.9100045541
16000 68.0269595201 37.8992674608 6.15623809325 0.618725208346 78.9759992467 42.2322444592 69.6176045453
17000 66.8840326266 35.0543644972 5.92067263892 0.595049989388 78.6712019731 43.5962400522 67.7062225788
18000 64.8351030088 53.3250135149 7.30239779216 0.733918592318 77.1835965504 38.9515111593 65.8261170132
19000 63.4688289599 56.6026381041 7.52347247646 0.75613743409 76.1751121739 26.6634794931 64.7343992943
20000 61.480515408 58.4841595767 7.64749367941 0.768602033977 75.881326104 38.2850499554 62.8003128463
21000 60.5483268742 49.9857473803 7.07005992763 0.710567758342 70.5603928987 33.8686572801 62.1145092214
22000 59.296781574 39.0476848876 6.24881467861 0.628029505255 73.3129464475 39.3482309187 60.0415100961
23000 58.1898053207 31.1396225612 5.58028875249 0.560840121632 69.8955716513 38.0251289156 58.6973476022
24000 56.0182816901 46.3594306033 6.80877599891 0.684307735453 68.4149362473 31.08158689 57.0234683265
25000 53.9000283688 41.5764478 6.44798013334 0.648046386605 67.6421064635 32.0268599629 53.9298449385
26000 53.572180188 36.9803372183 6.08114604481 0.611178173515 68.7311459742 30.6233577935 54.4981525355
27000 51.9019922451 43.750796843 6.61443851306 0.664776083233 66.6507267161 31.7661662928 52.67764419
28000 50.4635478226 39.7504320077 6.30479436681 0.633655675607 62.6856286864 30.8717454233 51.0950602618
29000 48.3456745184 58.3466044467 7.63849490716 0.767697623336 63.764953411 23.8291962436 49.1918864071
30000 48.4596095915 45.8905927294 6.77425957057 0.68083870388 63.3129646302 23.8115781321 49.1909828744
31000 46.6222892457 47.5510925987 6.89573002652 0.693046944047 64.7568073354 17.6617780978 47.4495634949
32000 44.7130012707 55.2268292205 7.43147557491 0.746891397596 65.9016417583 13.1357092861 46.3111230587
33000 44.0052388122 53.0407218088 7.28290613758 0.731959607325 57.7013789788 23.7667917358 44.9482160401
34000 43.4936349499 51.9399341224 7.20693652827 0.724324374308 61.2911168984 23.128470637 44.5742078626
35000 42.0414272097 43.7293463039 6.61281682069 0.664613097017 61.0318145786 24.4465260249 42.3116016194
36000 41.2004925843 43.0311687798 6.55981469096 0.659286182551 54.8202371429 20.2708154352 41.5024833824
37000 39.850241065 40.7360801708 6.38248228911 0.641463605577 54.3706830713 23.4691330198 40.1623836204
38000 40.1392637302 38.8248668401 6.23096034654 0.626235077365 57.0940782172 21.8281922804 39.6133932968
39000 40.5887945018 44.9496385908 6.70444916386 0.673822494016 53.3326409295 16.1476819278 41.4253626039
40000 38.7840236595 43.6002815834 6.60305092994 0.663631588067 53.3797706395 19.8499548038 39.2196642038
41000 37.4895670207 48.5930258678 6.97086980712 0.700598776141 52.7525260081 19.3975033428 37.5108696219
42000 36.0780449332 37.1860329592 6.09803517202 0.612875594666 50.1358551924 17.7862440984 36.3876340223
43000 36.2099222774 39.7702146962 6.30636303239 0.63381333243 52.5573810239 16.8905967883 36.7329600396
44000 34.5247111663 45.0208979914 6.70976139601 0.674356393436 49.4993948436 14.7366133307 34.7221248968
45000 34.9173974086 45.5243196282 6.74717123158 0.678116223376 53.2602100119 16.3353903547 35.6024792227
46000 33.5759552222 34.125707342 5.84172126534 0.587115077787 50.0231961968 16.2732128099 33.1416372457
47000 32.2123810877 42.8721272035 6.54768105542 0.658066706295 51.2515244178 11.4918530963 31.7123263962
48000 31.6453477011 35.3865859903 5.94866253794 0.597863080085 45.0537432571 14.4146852358 31.8831708717
49000 30.4147246801 34.87322237 5.90535539744 0.593510548697 49.2532254696 12.0 30.79053105
50000 30.8783226748 41.1886324669 6.41783705518 0.645016893263 44.2784702518 5.90689059561 31.5924530699
51000 29.6639194895 26.7221860295 5.16935063906 0.519539287259 41.2393098164 15.4367115421 29.8636957644
52000 27.9811493787 45.5210948527 6.74693225493 0.67809220532 43.9296135389 9.71424551767 28.4562352569
53000 27.9490219536 46.6546043148 6.83041757982 0.686482796173 44.1354979039 4.0 28.4452839609
54000 27.9326576466 38.5521478311 6.20903759299 0.624031757732 42.5316674554 11.4918530963 28.8246758131
55000 27.1240545702 36.0450191669 6.00375042511 0.603399621061 40.6694232488 10.8841705191 26.7511012348
56000 26.6114360115 50.7935603623 7.12696010669 0.716286441507 50.6903276008 7.16992500144 27.1698082954
57000 25.5677734026 31.9490572179 5.65234970768 0.568082520129 38.7270664836 11.4918530963 26.4738950059
58000 25.0506061045 31.7680806557 5.63631800519 0.566471273405 38.5958861978 11.3398500029 25.2647773095
59000 24.817210175 31.9162605771 5.6494478117 0.567790868609 44.1593094527 13.3219280949 24.1819333052
60000 24.4561569318 31.1052207016 5.57720545628 0.560530238703 41.0124000842 12.5142209094 23.8808438899
61000 23.0468079926 30.1746701279 5.49314756109 0.552082102369 37.4164591041 7.75488750216 23.0435674412
62000 24.139307656 23.9723828759 4.89616001331 0.492082596294 38.8560185503 12.4512111118 23.9156754179
63000 23.0165549918 23.6764103813 4.86584117921 0.489035438815 38.0358638926 9.90689059561 22.6868928237
64000 23.2062756185 34.9034115154 5.90791092649 0.593767389031 39.2825720445 1.0 22.8213457732
65000 21.4011960641 27.6186295501 5.25534295266 0.528181839958 34.1653380198 1.58496250072 21.3823626764
66000 21.8151340482 27.4510140076 5.23937152792 0.526576651375 32.9408787868 5.80735492206 21.9520251622
67000 21.0132548988 42.7651987232 6.53951058744 0.657245543366 40.1758988165 5.90689059561 20.9122059517
68000 19.4805709715 38.1937374491 6.18010820691 0.621124245034 34.4193528534 5.90689059561 18.9691330198
69000 20.1704940352 29.4986038992 5.43126172259 0.545862341577 35.50740903 5.16992500144 20.3214050781
70000 19.2850861172 29.2886071442 5.41189496796 0.543915909501 34.8843730317 6.39231742278 19.6224230851
71000 20.0195396521 33.993931909 5.83043153711 0.585980417408 37.6968329767 2.58496250072 19.8691207157
72000 18.4151269648 32.3012215482 5.68341636238 0.571204836405 34.3768582669 7.58496250072 17.7465644668
73000 19.0655267087 28.268242597 5.31678874858 0.534357374806 31.9535063952 7.0 18.5690860191
74000 17.6001314044 22.7368015452 4.76831223236 0.479233410848 32.284833188 7.32192809489 17.5949024033
75000 17.3931346391 24.3401485924 4.93357361274 0.495842804517 31.2765550299 4.75488750216 17.451284715
76000 16.6593207415 25.4746208185 5.04723893019 0.507266598749 27.9940011734 5.0 16.5210113441
77000 16.952018867 28.7400741486 5.36097697706 0.538798458868 33.1986663625 4.0 16.9786793603
78000 16.7727295402 22.959925577 4.79165165439 0.481579111021 31.6968868289 4.16992500144 16.6211361133
79000 16.3300570947 24.3489827034 4.93446883701 0.495932777941 31.3591801053 5.58496250072 16.0859414493
80000 15.7004235162 25.6158316512 5.06120851686 0.508670595036 33.1134566739 4.0 15.8274997826
81000 16.0609427519 16.2357887144 4.02936579556 0.404966499605 28.0626575341 6.16992500144 16.0302608949
82000 15.2518747423 16.6907449189 4.08543081191 0.41060124576 23.9134577461 5.0 15.3530861086
83000 14.8911123036 18.8757582333 4.34462406121 0.43665114746 31.3388039692 5.90689059561 14.6939981286
84000 14.0308619101 17.9352981551 4.23500863695 0.425634382809 27.3186250013 3.58496250072 13.8489758552
85000 14.067550597 25.9316076042 5.09230867134 0.511796278167 30.3224425752 3.0 14.5268716285
86000 14.2523047933 22.4268447428 4.73569897088 0.475955654742 28.5932543317 5.32192809489 13.9452983941
87000 14.6796842115 29.7879443633 5.457833303 0.548532885889 27.9735500602 4.0 13.8489758552
88000 13.3108532856 19.9775101721 4.46962080854 0.449213793245 24.7769662848 4.16992500144 12.8145021783
89000 12.7242513637 19.6594993665 4.43390340067 0.445624058688 23.1141375652 2.58496250072 12.9510462136
90000 11.9059275633 16.8088823264 4.09986369607 0.412051805196 21.9427206684 0.0 11.7510157502
91000 13.1135865874 21.3225488996 4.61763455674 0.464089734657 26.722113761 1.58496250072 12.612010261
92000 12.1568598374 18.0879413953 4.25299205211 0.427441784037 26.3919651593 1.58496250072 12.5771160959
93000 12.3620355331 16.8710547882 4.10743895733 0.412813147599 26.4349173045 4.16992500144 12.199371846
94000 12.102933707 17.853522699 4.22534290905 0.424662940603 23.9509324515 4.0 12.0212999409
95000 11.711944875 23.9218700772 4.89099888338 0.491563883219 26.9082712994 1.0 10.6233702992
96000 11.7346110717 16.728091698 4.08999898508 0.411060364438 23.1144311838 3.58496250072 11.5736024625
97000 10.5203690665 15.7113645365 3.96375636694 0.398372503925 19.9609861162 2.0 10.2510157502
98000 10.7633369893 21.1156586941 4.59517776523 0.46183274219 28.4687807564 2.58496250072 10.1699250014
99000 10.7600088268 19.1833667976 4.37988205293 0.440194708957 24.8134289277 1.0 10.0606048582
