1000 83.5877619655 54.8735876834 7.40767086765 0.744498934498 101.155125967 32.2467405985 83.4164655728
2000 54.0433834727 20.8682699841 4.56818016108 0.45911938088 64.0013801897 43.8863921993 54.3777737336
3000 37.1346348003 44.1353667408 6.64344539684 0.667691384744 48.6213066806 11.5849625007 37.6563633777
4000 27.0445451241 54.3869945995 7.37475386704 0.741190651461 42.0668538211 11.0768155971 27.546942105
5000 20.818012454 73.8342260401 8.592684449 0.863597280583 38.242151997 3.58496250072 21.2253489122
6000 15.19705577 85.2304587266 9.23203437638 0.927854366003 32.4143329723 0.0 13.8996408108
7000 14.2023361335 83.9327046078 9.1614793897 0.920763323036 35.1627859092 0.0 13.7584011356
8000 11.9563688193 112.417422017 10.6027082397 1.06561227251 31.4952507029 0.0 9.71424551767
9000 8.8379678074 93.6041120012 9.67492180853 0.972366227725 29.8120689099 0.0 3.58496250072
10000 12.1060474066 123.581724295 11.1167317272 1.11727357679 30.0936909728 0.0 11.5330340811
11000 8.02772424022 84.3046686067 9.18175738117 0.922801337861 29.8372606668 0.0 3.58496250072
12000 8.05907081528 98.8022465083 9.93993191668 0.999000745737 29.7787862101 0.0 3.0
13000 8.44252642646 92.2614123445 9.6052804407 0.965367006907 30.5241122255 0.0 3.0
14000 7.43308562247 81.5439374751 9.03016818643 0.907566050551 28.1539572873 0.0 2.87744375108
15000 7.37835721188 76.4575729481 8.74400211277 0.878805278004 28.110895927 0.0 3.58496250072
16000 5.14486836291 62.1988069758 7.88662202567 0.792635337045 27.9025228546 0.0 0.0
17000 7.03276405036 79.454764388 8.91374020196 0.895864597836 27.6540974644 0.0 1.0
18000 5.94186034939 66.1199632792 8.13141828215 0.817238286525 26.0363144939 0.0 1.0
19000 5.82897830048 65.0129192048 8.06305892356 0.810367912484 26.2756267015 0.0 1.0
20000 5.50534010106 55.694515293 7.46287580582 0.750047239543 26.2159220487 0.0 1.29248125036
21000 4.18571590281 54.1147101237 7.35627012308 0.739332965296 26.0290288316 0.0 0.0
22000 4.26815440658 48.9647009634 6.99747818599 0.703273018837 24.9960548322 0.0 0.0
23000 3.89595145187 45.3405904376 6.73354219097 0.676746453257 23.6263462659 0.0 0.0
24000 2.99087424284 33.5416633359 5.79151649707 0.582069308726 25.2257634674 0.0 0.0
25000 3.3752319395 42.1403091868 6.49155676142 0.652426002513 25.9864821484 0.0 0.0
26000 3.36249094791 41.7553722138 6.46183969267 0.649439324728 26.7254891553 0.0 0.0
27000 1.29112752108 14.9539627886 3.86703540049 0.388651681044 22.4132322723 0.0 0.0
28000 2.58006541078 33.5553644968 5.79269924101 0.582188178964 24.4758956807 0.0 0.0
29000 2.762933006 33.7837160937 5.81237611427 0.584165779135 23.744093492 0.0 0.0
30000 2.36886840529 28.8017392308 5.36672518682 0.539376175686 23.3156100847 0.0 0.0
31000 2.42498991752 25.0277913193 5.00277836 0.502798143316 24.9460666963 0.0 0.0
32000 2.13782059885 25.3656812281 5.0364353692 0.506180800015 24.6508834567 0.0 0.0
33000 1.25664134033 13.7301344413 3.70541960394 0.372408682337 21.4727959315 0.0 0.0
34000 2.21644165833 25.7363080535 5.07309649558 0.509865381852 22.3565712528 0.0 0.0
35000 1.16454857584 13.3808412662 3.65798322388 0.367641146758 20.0264964263 0.0 0.0
36000 1.69415576542 22.1233461733 4.70354612748 0.472724172393 23.8679038522 0.0 0.0
37000 1.91384079133 24.4554958499 4.94524982684 0.497016308188 22.9258296707 0.0 0.0
38000 1.49765750477 15.5886385291 3.94824499355 0.396813552243 22.2536189996 0.0 0.0
39000 1.71277181203 16.3155172856 4.03924711866 0.405959609943 20.6549995651 0.0 0.0
40000 1.02076693137 8.60281185982 2.93305503866 0.294783122809 13.6073303137 0.0 0.0
41000 1.6834308303 14.4570741957 3.80224594098 0.38214009536 15.5698556083 0.0 0.0
42000 1.2633159226 13.457569621 3.66845602686 0.368693703061 20.4164429446 0.0 0.0
43000 1.7866323303 17.840237842 4.22377057166 0.424504914749 17.8720976868 0.0 0.0
44000 1.27651600128 12.3725473594 3.51746319944 0.353518352922 18.1853400538 0.0 0.0
45000 1.31283726082 11.6429030557 3.41216984566 0.342935972698 13.8961431608 0.0 0.0
46000 1.01774181745 9.78449256005 3.1280173529 0.314377572645 17.254253592 0.0 0.0
47000 1.30256418826 14.3754346257 3.79149503833 0.381059588989 17.8846475219 0.0 0.0
48000 0.634144189082 5.45141882911 2.33482736602 0.234658979495 19.2391136712 0.0 0.0
49000 1.32338068801 10.8352531976 3.29169457841 0.330827752759 15.503825738 0.0 0.0
50000 1.33063574271 11.0529560854 3.32459863524 0.334134734898 15.5362472157 0.0 0.0
51000 1.16955446455 11.9246678419 3.45321123621 0.347060787647 15.1845654524 0.0 0.0
52000 1.22802253985 12.8243280821 3.58110710285 0.359914805886 16.8137811912 0.0 0.0
53000 0.620937855812 7.43146917455 2.7260721147 0.27398055624 16.8476446431 0.0 0.0
54000 1.00960719789 10.8194105817 3.28928724523 0.330585806671 17.3663222142 0.0 0.0
55000 0.874233028248 7.79029141988 2.79110935291 0.280517044619 15.7158547705 0.0 0.0
56000 0.766022964322 8.20746646865 2.864867618 0.28793002918 17.202276903 0.0 0.0
57000 0.805155826824 8.43288612081 2.90394320206 0.291857273144 17.6655302326 0.0 0.0
58000 0.500459421018 4.96975605989 2.22929496924 0.224052574546 17.2548809871 0.0 0.0
59000 0.605497007517 4.68349058426 2.16413737648 0.217503990078 12.7813597135 0.0 0.0
60000 0.60242490757 6.83981289204 2.61530359462 0.262847901098 20.2009369089 0.0 0.0
61000 0.705038004823 5.47445237322 2.33975476775 0.235154202002 13.5147140541 0.0 0.0
62000 0.564205813944 4.56014472245 2.13544953639 0.214620753665 15.0361736126 0.0 0.0
63000 0.527138932542 2.86776517378 1.69344771805 0.170197899481 12.15165083 0.0 0.0
64000 0.47570296794 3.01526629744 1.73645221571 0.174520014118 10.0768155971 0.0 0.0
65000 0.645360810787 3.30674648635 1.81844617362 0.18276071695 9.32192809489 0.0 0.0
66000 0.156617780978 0.495045551151 0.703594735022 0.0707139315315 5.16992500144 0.0 0.0
67000 0.199248125036 0.741440863808 0.861069604508 0.0865407514101 5.58496250072 0.0 0.0
68000 0.162288186905 0.551228922138 0.742447925539 0.0746188241028 4.90689059561 0.0 0.0
69000 0.357240941251 2.51291556142 1.58521782775 0.159320386231 12.2143191208 0.0 0.0
70000 0.207548875022 0.657626520955 0.810941749422 0.0815027124141 5.0 0.0 0.0
71000 0.20206098614 1.05548950575 1.02737018925 0.103254589046 9.12928301694 0.0 0.0
72000 0.145849625007 0.293848948172 0.542078359808 0.0544809250441 3.0 0.0 0.0
73000 0.573779815127 3.86187985684 1.96516662317 0.197506676958 10.7142455177 0.0 0.0
74000 0.199772799235 0.69268441321 0.832276644638 0.0836469500619 5.80735492206 0.0 0.0
75000 0.07 0.1251 0.353694783677 0.0355476632655 3.0 0.0 0.0
76000 0.304166655999 1.92337025814 1.38685624999 0.139384297557 10.7548875022 0.0 0.0
77000 0.31028100312 2.00016262968 1.41427105948 0.14213958958 10.951284715 0.0 0.0
78000 0.181699250014 0.697423005205 0.835118557574 0.0839325730587 7.58496250072 0.0 0.0
79000 0.564565913474 3.17682464162 1.78236490137 0.179134412646 10.3923174228 0.0 0.0
80000 0.267385936948 1.10286374653 1.05017319835 0.105546377691 5.90689059561 0.0 0.0
81000 0.254918530963 1.50580635652 1.22711301701 0.123329498569 10.4918530963 0.0 0.0
82000 0.253171299264 1.72831747594 1.31465488853 0.132127787699 11.5622424242 0.0 0.0
83000 0.203398500029 0.60930879542 0.780582343779 0.0784514773422 5.58496250072 0.0 0.0
84000 0.05 0.0675 0.259807621135 0.0261116483934 2.0 0.0 0.0
85000 0.03 0.0291 0.170587221092 0.0171446607998 1.0 0.0 0.0
86000 0.229837061927 1.14478329257 1.06994546243 0.107533565 8.75488750216 0.0 0.0
87000 0.172288186905 0.697883158399 0.835394013864 0.0839602574574 5.0 0.0 0.0
88000 0.282467405985 1.50373016114 1.22626675774 0.123244446313 8.49185309633 0.0 0.0
89000 0.152288186905 0.477209868578 0.690803784427 0.0694283926273 5.32192809489 0.0 0.0
90000 0.05 0.2475 0.497493718553 0.05 5.0 0.0 0.0
91000 0.0875488750216 0.281339000946 0.530413990149 0.0533086117842 4.16992500144 0.0 0.0
92000 0.0916992500144 0.412028870207 0.641894750101 0.0645128497268 4.58496250072 0.0 0.0
93000 0.243987436919 0.922035569135 0.960226832126 0.0965064277513 5.58496250072 0.0 0.0
94000 0.11 0.1979 0.444859528391 0.0447100648511 3.0 0.0 0.0
95000 0.0358496250072 0.0438358656738 0.20937016424 0.0210424932448 1.58496250072 0.0 0.0
96000 0.0975488750216 0.269488023445 0.519122358838 0.0521737601379 3.58496250072 0.0 0.0
97000 0.05 0.1075 0.327871926215 0.0329523684408 3.0 0.0 0.0
98000 0.135622424242 0.839557097892 0.916273484224 0.0920889500765 8.39231742278 0.0 0.0
99000 0.155849625007 0.595929705715 0.771964834507 0.077585385073 4.58496250072 0.0 0.0
